0.000000000000000000e+00 1.438667999999999836e+02 6.373320000000001073e+01 0.000000000000000000e+00 0.000000000000000000e+00 0.000000000000000000e+00 0.000000000000000000e+00 0.000000000000000000e+00 0.000000000000000000e+00
1.000000000000000000e+00 8.518448071681302736e+01 4.221070979171511794e+01 1.103649845027437415e+01 1.424091221507476040e-04 3.496724717343646199e-05 7.395181061490598040e+01 3.269352602680196118e-01 1.614796631755786649e+01
2.000000000000000000e+00 6.089491383913722444e+01 3.214825153482015452e+01 1.582816940298554798e+01 7.083688144876792243e-05 1.974293269463762662e-05 1.039331931486619567e+02 1.024736186588076858e+00 2.399811569210654838e+01
3.000000000000000000e+00 4.774962837299370477e+01 2.626177317239408993e+01 1.842995064473220168e+01 4.239536821236403798e-05 1.282407988220131034e-05 1.198951934533562991e+02 1.902925689183004865e+00 2.866857132051911705e+01
4.000000000000000000e+00 3.958310949864951311e+01 2.238613689500032322e+01 2.000331162087662307e+01 2.835825355466858248e-05 9.070218960975198513e-06 1.296604412357013132e+02 2.884564260939072700e+00 3.175908084859631586e+01
5.000000000000000000e+00 3.406451428673026527e+01 1.963966964761213774e+01 2.101010695617893731e+01 2.044303780418144049e-05 6.795309563551460842e-06 1.361558007211509675e+02 3.930605267523685331e+00 3.394222373048899755e+01
6.000000000000000000e+00 3.011950983717441943e+01 1.759313326182456549e+01 2.167140047210126852e+01 1.555672824758465024e-05 5.307729199412377734e-06 1.407198911641360439e+02 5.018444356561788666e+00 3.555313105601034351e+01
7.000000000000000000e+00 2.718476097230349353e+01 1.601158356654537585e+01 2.210664657744912276e+01 1.233544965177955692e-05 4.279297342579850529e-06 1.440503318318560275e+02 6.133813872038474280e+00 3.677858841550873592e+01
8.000000000000000000e+00 2.493664213332668567e+01 1.475524094646775630e+01 2.238620039902340864e+01 1.010325716213088071e-05 3.537350112657445464e-06 1.465458877302378369e+02 7.267140463058374245e+00 3.773137667039533483e+01
9.000000000000000000e+00 2.317609572258170303e+01 1.373556924752123543e+01 2.255426191707735128e+01 8.494690330546685684e-06 2.983735506524587157e-06 1.484508103107706063e+02 8.411702754781078539e+00 3.848382419494564033e+01
1.000000000000000000e+01 2.177400327273083747e+01 1.289368105279580412e+01 2.264003023147817473e+01 7.298357330276973298e-06 2.559189340303596801e-06 1.499229731748317818e+02 9.562615114130855076e+00 3.908455581658599698e+01
1.100000000000000000e+01 2.064297067296017119e+01 1.218884075155879287e+01 2.266358668072887639e+01 6.385200151542951183e-06 2.226152765109814894e-06 1.510689099968726055e+02 1.071622850908935831e+01 3.956752503608809945e+01
1.200000000000000000e+01 1.972174522773527272e+01 1.159194547517589946e+01 2.263920453441644653e+01 5.672864266009853647e-06 1.959857117911983274e-06 1.519630925620356834e+02 1.186975809585808506e+01 3.995719261759403906e+01
1.300000000000000000e+01 1.896612794821899683e+01 1.108163422848929969e+01 2.257731116603169141e+01 5.106821110374335717e-06 1.743415785279555270e-06 1.526591358289485925e+02 1.302104154421527760e+01 4.027164763467726516e+01
1.400000000000000000e+01 1.834342919265535343e+01 1.064186468420449216e+01 2.248570307893713860e+01 4.649817891531630629e-06 1.564985872480282340e-06 1.531966137582062686e+02 1.416837648421213558e+01 4.052456814638426152e+01
1.500000000000000000e+01 1.782895489910220022e+01 1.026034880465534549e+01 2.237032643182835301e+01 4.275710219730703457e-06 1.416057265085161719e-06 1.536053673893474922e+02 1.531040780954799452e+01 4.072649687740658209e+01
1.600000000000000000e+01 1.740370602838325809e+01 9.927511341915320031e+00 2.223579446174502650e+01 3.965715695129556090e-06 1.290383982939745663e-06 1.539083187090880074e+02 1.644604749252878051e+01 4.088569654462493475e+01
1.700000000000000000e+01 1.705282926427130974e+01 9.635777711368948673e+00 2.208573996330039435e+01 3.706061293498507754e-06 1.183295851043040549e-06 1.541233615544639406e+02 1.757441623424695010e+01 4.100873848535938748e+01
1.800000000000000000e+01 1.676454759048995058e+01 9.379075577467093083e+00 2.192306119607630777e+01 3.486462524905454924e-06 1.091243039584304062e-06 1.542646642939114656e+02 1.869480016042774295e+01 4.110091709929587722e+01
1.900000000000000000e+01 1.652940586246441157e+01 9.152478755285535783e+00 2.175009708827863619e+01 3.299114822167653312e-06 1.011487444278460128e-06 1.543435871967875812e+02 1.980661812073353190e+01 4.116654759168363853e+01
2.000000000000000000e+01 1.633972817874153449e+01 8.951948083622607300e+00 2.156875442353172545e+01 3.138009257947875480e-06 9.418890988488082051e-07 1.543693412171083139e+02 2.090939661109947423e+01 4.120918375299970648e+01
2.100000000000000000e+01 1.618922076259718779e+01 8.774139743950160053e+00 2.138060172895549016e+01 2.998458760224634910e-06 8.807555331663612435e-07 1.543494694359822574e+02 2.200275027501881908e+01 4.123177983117576417e+01
2.200000000000000000e+01 1.607267674966071880e+01 8.616261356751788725e+00 2.118693963649361223e+01 2.876764006117460401e-06 8.267336996567175777e-07 1.542902045061022136e+02 2.308636655323008569e+01 4.123681260627623857e+01
2.300000000000000000e+01 1.598575359841641941e+01 8.475962489823860579e+00 2.098885433803907219e+01 2.769973872004664860e-06 7.787312328401892995e-07 1.541967378607809565e+02 2.415999346296309014e+01 4.122637466912347293e+01
2.400000000000000000e+01 1.592480307933631067e+01 8.351250328344905327e+00 2.078725870407315313e+01 2.675711064336267386e-06 7.358582688863541655e-07 1.540734251278716158e+02 2.522342976922694291e+01 4.120224655339946196e+01
2.500000000000000000e+01 1.588673987868824788e+01 8.240423995246338507e+00 2.058292427471506514e+01 2.592043427812873385e-06 6.973839008980012764e-07 1.539239447497064361e+02 2.627651700617507657e+01 4.116595312955600150e+01
2.600000000000000000e+01 1.586893894360299839e+01 8.142022872816221835e+00 2.037650640924530521e+01 2.517387752266364614e-06 6.627032021240876731e-07 1.537514218132506585e+02 2.731913294533749692e+01 4.111880813793680289e+01
2.700000000000000000e+01 1.586915447472810570e+01 8.054785554461547648e+00 2.016856424845146378e+01 2.450437023016063574e-06 6.313119795531130823e-07 1.535585257037922986e+02 2.835118620647246246e+01 4.106194968370635934e+01
2.800000000000000000e+01 1.588545541156537588e+01 7.977616955650749908e+00 1.995957670025753927e+01 2.390104801897807642e-06 6.027872510075086231e-07 1.533475478338117739e+02 2.937261177938799150e+01 4.099636877022177117e+01
2.900000000000000000e+01 1.591617361196686709e+01 7.909561748310762752e+00 1.974995534646739870e+01 2.335482274311415253e-06 5.767720069561109054e-07 1.531204640485298683e+02 3.038336727814548155e+01 4.092293241909288781e+01
3.000000000000000000e+01 1.595986189798031241e+01 7.849782741553956278e+00 1.954005494319049774e+01 2.285804768668384942e-06 5.529632145597122860e-07 1.528789851301485498e+02 3.138342978883224177e+01 4.084240254231816891e+01
3.100000000000000000e+01 1.601525983824045696e+01 7.797543163995572790e+00 1.933018202453386891e+01 2.240425421015691674e-06 5.311022943648309021e-07 1.526245979756434963e+02 3.237279320188065412e+01 4.075545145347347642e+01
3.200000000000000000e+01 1.608126564837544237e+01 7.752192048317296802e+00 1.912060199900533775e+01 2.198794303791613914e-06 5.109675080700703127e-07 1.523585994031379869e+02 3.335146594270956655e+01 4.066267469868898132e+01
3.300000000000000000e+01 1.615691296842365432e+01 7.713152101273069938e+00 1.891154503884552440e+01 2.160441744675170718e-06 4.923678259097195322e-07 1.520821240846843807e+02 3.431946903193543363e+01 4.056460173425912075e+01
3.400000000000000000e+01 1.624135155416444931e+01 7.679909577557498146e+00 1.870321099647759766e+01 2.124964904892398489e-06 4.751379558780090992e-07 1.517961677670162715e+02 3.527683441974539846e+01 4.046170486342141714e+01
3.500000000000000000e+01 1.633383113555968436e+01 7.652005782120437694e+00 1.849577353050617745e+01 2.092016905277013931e-06 4.591342888668051310e-07 1.515016066804151933e+02 3.622360354997230303e+01 4.035440675473255823e+01
3.600000000000000000e+01 1.643368785016047084e+01 7.629029901628081589e+00 1.828938358661557828e+01 2.061297959907334463e-06 4.442315714494044832e-07 1.511992138490169850e+02 3.715982611725507212e+01 4.024308679982868853e+01
3.700000000000000000e+01 1.654033278566030063e+01 7.610612928531769406e+00 1.808417234817865449e+01 2.032548103417591610e-06 4.303201606298488318e-07 1.508896728634447300e+02 3.808555898753626678e+01 4.012808651479751632e+01
3.800000000000000000e+01 1.665324225807439973e+01 7.596422487216992536e+00 1.788025374901055642e+01 2.005541191423691522e-06 4.173037468052824228e-07 1.505735895653367606e+02 3.900086525725202335e+01 4.000971415007519028e+01
3.900000000000000000e+01 1.677194952948879703e+01 7.586158410630729598e+00 1.767772662179801202e+01 1.980079925340730252e-06 4.050974558460517924e-07 1.502515019999966341e+02 3.990581343106322265e+01 3.988824864038731022e+01
4.000000000000000000e+01 1.689603772093712664e+01 7.579548941725622768e+00 1.747667654313989161e+01 1.955991705246472901e-06 3.936262595683543367e-07 1.499238889312201195e+02 4.080047670092889689e+01 3.976394300401877047e+01
4.100000000000000000e+01 1.702513372715671736e+01 7.576347460059015937e+00 1.727717742351440222e+01 1.933125156951721935e-06 3.828236386249982398e-07 1.495911771507246328e+02 4.168493231257455278e+01 3.963702727825846495e+01
4.200000000000000000e+01 1.715890297047932833e+01 7.576329649305688640e+00 1.707929288301431825e+01 1.911347210176830585e-06 3.726304528653028332e-07 1.492537477779009407e+02 4.255926100717016425e+01 3.950771106462251936e+01
4.300000000000000000e+01 1.729704486507741024e+01 7.579291038912930212e+00 1.688307744521848264e+01 1.890540630277271096e-06 3.629939831604061156e-07 1.489119417047583340e+02 4.342354652842269047e+01 3.937618574226975454e+01
4.400000000000000000e+01 1.743928888190781379e+01 7.585044862828245193e+00 1.668857757687143817e+01 1.870601924659253921e-06 3.538671155384606397e-07 1.485660643179375029e+02 4.427787518640151632e+01 3.924262639967993493e+01
4.500000000000000000e+01 1.758539112447666497e+01 7.593420188485540123e+00 1.649583259607251051e+01 1.851439560130760823e-06 3.452076438810076822e-07 1.482163896058960404e+02 4.512233547087711827e+01 3.910719352571415186e+01
4.600000000000000000e+01 1.773513134146839221e+01 7.604260277370741505e+00 1.630487546773187901e+01 1.832972439788444460e-06 3.369776719153679781e-07 1.478631637402168053e+02 4.595701770800533836e+01 3.897003449412950005e+01
4.700000000000000000e+01 1.788831031230294855e+01 7.617421143727086452e+00 1.611573350252096759e+01 1.815128596952966876e-06 3.291430985695412044e-07 1.475066082079671901e+02 4.678201375492595560e+01 3.883128487103941495e+01
4.800000000000000000e+01 1.804474755438072719e+01 7.632770284541919636e+00 1.592842897234857524e+01 1.797844071861405675e-06 3.216731736973768005e-07 1.471469225567679473e+02 4.759741672783360400e+01 3.869106956904822425e+01
4.900000000000000000e+01 1.820427930719269227e+01 7.650185557276037329e+00 1.574297965379367881e+01 1.781061942515129855e-06 3.145401133490971076e-07 1.467842868065206403e+02 4.840332075950607305e+01 3.854950386890271119e+01
5.000000000000000000e+01 1.836675675566478816e+01 7.669554185549295688e+00 1.555939930910422397e+01 1.764731486077999338e-06 3.077187656038552660e-07 1.464188635730994008e+02 4.919982078285869420e+01 3.840669432620689605e+01
5.100000000000000000e+01 1.853204446171713116e+01 7.690771876465366752e+00 1.537769811269317621e+01 1.748807451419875627e-06 3.011863195456843535e-07 1.460507999413653124e+02 4.998701233763691221e+01 3.826273957768870559e+01
5.200000000000000000e+01 1.870001897526665857e+01 7.713742034387714774e+00 1.519788303051576506e+01 1.733249426108398957e-06 2.949220510227361892e-07 1.456802291221578400e+02 5.076499139747738099e+01 3.811773106054295113e+01
5.300000000000000000e+01 1.887056760407872957e+01 7.738375060331454947e+00 1.501995815759901909e+01 1.718021284760086524e-06 2.889071001178102388e-07 1.453072719180854904e+02 5.153385421536732025e+01 3.797175365449137274e+01
5.400000000000000000e+01 1.904358731999663590e+01 7.764587725071092628e+00 1.484392501951836962e+01 1.703090706602887564e-06 2.831242756975474143e-07 1.449320380251938332e+02 5.229369718522507071e+01 3.782488625719509656e+01
5.500000000000000000e+01 1.921898378596594270e+01 7.792302607736620423e+00 1.466978284182804515e+01 1.688428753046443043e-06 2.775578834807979257e-07 1.445546271893026073e+02 5.304461671803615985e+01 3.767720230036800899e+01
5.600000000000000000e+01 1.939667048880964373e+01 7.821447591923829989e+00 1.449752879133053440e+01 1.674009496766479390e-06 2.721935743413946692e-07 1.441751302351506467e+02 5.378670913098289930e+01 3.752877021373296174e+01
5.700000000000000000e+01 1.957656796553440515e+01 7.851955412862102079e+00 1.432715819234021204e+01 1.659809695633427639e-06 2.670182102487892301e-07 1.437936299830963947e+02 5.452007054827188171e+01 3.737965384260390067e+01
5.800000000000000000e+01 1.975860311047008366e+01 7.883763248857317940e+00 1.415866472124591269e+01 1.645808505316249725e-06 2.620197455015424897e-07 1.434102020686792116e+02 5.524479681227380468e+01 3.722991282519673462e+01
5.900000000000000000e+01 1.994270855590947988e+01 7.916812353155631143e+00 1.399204058125814143e+01 1.631987225260802010e-06 2.571871211614084023e-07 1.430249156739043883e+02 5.596098340419529649e+01 3.707960293312110167e+01
6.000000000000000000e+01 2.012882211622425643e+01 7.951047720860501933e+00 1.382727665996564603e+01 1.618329074614538327e-06 2.525101713473980836e-07 1.426378341823393043e+02 5.666872537312905678e+01 3.692877637989660400e+01
6.100000000000000000e+01 2.031688628865458668e+01 7.986417787275002844e+00 1.366436267147348538e+01 1.604818993231949007e-06 2.479795395417514698e-07 1.422490157662291779e+02 5.736811727271550865e+01 3.677748210076395452e+01
6.200000000000000000e+01 2.050684780527136652e+01 8.022874154789414902e+00 1.350328728454242189e+01 1.591443465434248101e-06 2.435866039448205570e-07 1.418585139122972123e+02 5.805925310478275492e+01 3.662576600637870428e+01
6.300000000000000000e+01 2.069865722852469148e+01 8.060371344118097525e+00 1.334403823876468564e+01 1.578190363194221550e-06 2.393234106396288668e-07 1.414663778953262465e+02 5.874222626904207090e+01 3.647367121421084590e+01
6.400000000000000000e+01 2.089226858790935992e+01 8.098866568735639149e+00 1.318660244936937964e+01 1.565048806756132612e-06 2.351826137355136694e-07 1.410726532025801703e+02 5.941712951855922853e+01 3.632123825865572542e+01
6.500000000000000000e+01 2.108763905126048144e+01 8.138319528858556140e+00 1.303096610242114473e+01 1.552009040311281958e-06 2.311574216009137884e-07 1.406773819168158184e+02 6.008405492019299743e+01 3.616850528320102853e+01
6.600000000000000000e+01 2.128472862855040759e+01 8.178692223953179408e+00 1.287711474093693198e+01 1.539062321146778760e-06 2.272415485375740317e-07 1.402806030605143519e+02 6.074309381973554167e+01 3.601550821555183290e+01
6.700000000000000000e+01 2.148349990379538355e+01 8.219948781322646170e+00 1.272503334311100076e+01 1.526200820555754521e-06 2.234291712442620343e-07 1.398823529065934110e+02 6.139433681118971009e+01 3.586228092795109035e+01
6.800000000000000000e+01 2.168391779235177808e+01 8.262055299304201128e+00 1.257470639336989215e+01 1.513417535194077867e-06 2.197148895465595501e-07 1.394826652588829177e+02 6.203787370983684468e+01 3.570885538403125281e+01
6.900000000000000000e+01 2.188594932143747229e+01 8.304979703944669112e+00 1.242611794682617266e+01 1.500706207714801629e-06 2.160936909267166616e-07 1.390815717049943032e+02 6.267379352879839161e+01 3.555526177322149550e+01
7.000000000000000000e+01 2.208956343072607353e+01 8.348691617368416473e+00 1.227925168799592015e+01 1.488061255552479303e-06 2.125609184240790759e-07 1.386791018453490665e+02 6.330218445867597410e+01 3.540152863435034192e+01
7.100000000000000000e+01 2.229473079162331217e+01 8.393162237124933256e+00 1.213409098414324738e+01 1.475477707012981648e-06 2.091122415594214284e-07 1.382752835000647167e+02 6.392313385007024351e+01 3.524768296908755616e+01
7.200000000000000000e+01 2.250142364319172117e+01 8.438364225378458983e+00 1.199061893380694244e+01 1.462951143840815009e-06 2.057436299585683102e-07 1.378701428961361160e+02 6.453672819870395472e+01 3.509375034626847878e+01
7.300000000000000000e+01 2.270961564287603096e+01 8.484271606917776154e+00 1.184881841101680955e+01 1.450477649521429297e-06 2.024513293868224172e-07 1.374637048371320134e+02 6.514305313287646015e+01 3.493975499803730855e+01
7.400000000000000000e+01 2.291928173080050968e+01 8.530859675304936829e+00 1.170867210553359605e+01 1.438053762763007098e-06 1.992318399684722381e-07 1.370559928568841030e+02 6.574219340308137305e+01 3.478571990843379069e+01
7.500000000000000000e+01 2.313039800634872734e+01 8.578104906454985468e+00 1.157016255946675365e+01 1.425676434793114456e-06 1.960818960058499686e-07 1.366470293587212552e+02 6.633423287359056530e+01 3.463166689507180251e+01
7.600000000000000000e+01 2.334294161557605563e+01 8.625984878813733658e+00 1.143327220067730110e+01 1.413342994624652265e-06 1.929984493015510411e-07 1.362368357419767904e+02 6.691925451579189144e+01 3.447761668467850882e+01
7.700000000000000000e+01 2.355689064874794170e+01 8.674478199753385965e+00 1.129798337315714818e+01 1.401051108319428100e-06 1.899786497015596251e-07 1.358254325166249146e+02 6.749734040317306949e+01 3.432358898284140025e+01
7.800000000000000000e+01 2.377222404690339275e+01 8.723564437557058682e+00 1.116427836469641122e+01 1.388798756537154926e-06 1.870198338229647636e-07 1.354128394073599679e+02 6.806857170777848864e+01 3.416960253854376361e+01
7.900000000000000000e+01 2.398892151651936899e+01 8.773224058453283902e+00 1.103213943210062276e+01 1.376584198251229910e-06 1.841195075161983641e-07 1.349990754482168711e+02 6.863302869800351402e+01 3.401567520398712929e+01
8.000000000000000000e+01 2.420696345178324904e+01 8.823438368451434144e+00 1.090154882409469472e+01 1.364405951347541962e-06 1.812753359042992942e-07 1.345841590683381526e+02 6.919079073762313215e+01 3.386182398992684739e+01
8.100000000000000000e+01 2.442633086361957240e+01 8.874189459472217933e+00 1.077248880216021476e+01 1.352262766890784305e-06 1.784851305584530522e-07 1.341681081698974083e+02 6.974193628592313132e+01 3.370806511698989283e+01
8.200000000000000000e+01 2.464700531454944255e+01 8.925460159163218776e+00 1.064494165957323446e+01 1.340153608737731768e-06 1.757468390851521861e-07 1.337509401992389542e+02 7.028654289885244566e+01 3.355441406354923117e+01
8.300000000000000000e+01 2.486896885949588309e+01 8.977233984594432670e+00 1.051888973860460474e+01 1.328077634550764974e-06 1.730585353429477010e-07 1.333326722111631852e+02 7.082468723110136466e+01 3.340088560995770450e+01
8.400000000000000000e+01 2.509220399184575712e+01 9.029495099403066050e+00 1.039431544609020719e+01 1.316034178545754632e-06 1.704184104504691839e-07 1.329133209271643068e+02 7.135644503899247582e+01 3.324749387954594937e+01
8.500000000000000000e+01 2.531669359342649628e+01 9.082228273407473296e+00 1.027120126775758280e+01 1.304022735700576207e-06 1.678247645034351438e-07 1.324929027891131170e+02 7.188189118417190571e+01 3.309425237731369407e+01
8.600000000000000000e+01 2.554242088969169444e+01 9.135418845789580189e+00 1.014952978093729463e+01 1.292042947510767978e-06 1.652759988503145082e-07 1.320714340070240098e+02 7.240109963795138981e+01 3.294117402525728977e+01
8.700000000000000000e+01 2.576936940812221977e+01 9.189052690356033892e+00 1.002928366624305490e+01 1.280094588785837665e-06 1.627706093222040340e-07 1.316489306031076580e+02 7.291414348628323694e+01 3.278827119575135640e+01
8.800000000000000000e+01 2.599752294043285517e+01 9.243116183386035800e+00 9.910445718049901487e+00 1.268177555858112339e-06 1.603071793550201170e-07 1.312254084514929104e+02 7.342109493529765984e+01 3.263555574249527780e+01
8.900000000000000000e+01 2.622686550806188421e+01 9.297596173706152101e+00 9.792998853924348879e+00 1.256291855569054033e-06 1.578843742872751346e-07 1.308008833142105516e+02 7.392202531736258209e+01 3.248303902936444132e+01
9.000000000000000000e+01 2.645738133048088514e+01 9.352479954704424614e+00 9.676926123153787529e+00 1.244437595323799946e-06 1.555009356857361818e-07 1.303753708739801311e+02 7.441700509756584836e+01 3.233073195743482842e+01
9.100000000000000000e+01 2.668905479645147594e+01 9.407755238370672402e+00 9.562210714328003291e+00 1.232614973964791979e-06 1.531556762184667256e-07 1.299488867636566454e+02 7.490610388065863390e+01 3.217864499009963453e+01
9.200000000000000000e+01 2.692187043760266718e+01 9.463410130970430600e+00 9.448835962176536540e+00 1.220824273348184842e-06 1.508474749805301304e-07 1.295214465930667984e+02 7.538939041831464749e+01 3.202678817664423860e+01
9.300000000000000000e+01 2.715581290461379282e+01 9.519433110596247971e+00 9.336785353581429803e+00 1.209065850758545315e-06 1.485752729341864694e-07 1.290930659729366994e+02 7.586693261666636090e+01 3.187517117404523859e+01
9.400000000000000000e+01 2.739086694491793850e+01 9.575813005634362440e+00 9.226042533040962113e+00 1.197340131739395758e-06 1.463380689718420924e-07 1.286637605370330562e+02 7.633879754439111309e+01 3.172380326792449168e+01
9.500000000000000000e+01 2.762701738311820421e+01 9.632538975392668235e+00 9.116591307338349992e+00 1.185647603677572485e-06 1.441349160556228798e-07 1.282335459613801731e+02 7.680505144067991807e+01 3.157269339143660147e+01
9.600000000000000000e+01 2.786424910257581544e+01 9.689600491403643545e+00 9.008415649772164358e+00 1.173988809805705429e-06 1.419649177062926570e-07 1.278024379820858201e+02 7.726575972370555689e+01 3.142185014353853134e+01
9.700000000000000000e+01 2.810254702921795200e+01 9.746987320450193337e+00 8.901499703685649578e+00 1.162364343729360184e-06 1.398272247387440108e-07 1.273704524107556182e+02 7.772098699918963405e+01 3.127128180562037585e+01
9.800000000000000000e+01 2.834189611627790839e+01 9.804689508191161806e+00 8.795827785699881218e+00 1.150774844332406086e-06 1.377210322121145496e-07 1.269376051488300732e+02 7.817079706914462633e+01 3.112099635757627070e+01
9.900000000000000000e+01 2.858228133100471169e+01 9.862697364317904558e+00 8.691384388306302000e+00 1.139220991119905615e-06 1.356455766056476350e-07 1.265039121997853044e+02 7.861525294075477177e+01 3.097100149242102418e+01
1.000000000000000000e+02 2.882368764220763779e+01 9.921001448240007292e+00 8.588154182177499152e+00 1.127703499847479870e-06 1.336001331589690636e-07 1.260693896803673795e+02 7.905441683546877130e+01 3.082130463041582757e+01
1.010000000000000000e+02 2.906610000923154047e+01 9.979592555891784400e+00 8.486122018026868830e+00 1.116223118671897034e-06 1.315840135058342752e-07 1.256340538302789440e+02 7.948835019814002578e+01 3.067191293212854930e+01
1.020000000000000000e+02 2.930950337236761527e+01 1.003846170772521873e+01 8.385272928044244622e+00 1.104780624180246081e-06 1.295965632170991455e-07 1.251979210203432586e+02 7.991711370606505227e+01 3.052283331035906500e+01
1.030000000000000000e+02 2.955388264360600559e+01 1.009760013674579149e+01 8.285592127150460229e+00 1.093376818211379784e-06 1.276371598249500185e-07 1.247610077601896137e+02 8.034076727847946131e+01 3.037407244205056145e+01
1.040000000000000000e+02 2.979922269895022069e+01 1.015699927793004242e+01 8.187065013818660475e+00 1.082012524605596035e-06 1.257052107850973626e-07 1.243233307043274749e+02 8.075937008576516973e+01 3.022563677886995137e+01
1.050000000000000000e+02 3.004550837134278396e+01 1.021665075805520573e+01 8.089677170684113960e+00 1.070688586152894178e-06 1.238001515619970716e-07 1.238849066575287168e+02 8.117298055879776086e+01 3.007753255740621512e+01
1.060000000000000000e+02 3.029272444438882417e+01 1.027654638606212778e+01 7.993414364874652733e+00 1.059405861956839919e-06 1.219214439574681923e-07 1.234457525793035444e+02 8.158165639849347883e+01 2.992976580887383520e+01
1.070000000000000000e+02 3.054085564702086231e+01 1.033667814428078735e+01 7.898262548093080149e+00 1.048165224822982963e-06 1.200685744536939856e-07 1.230058855874217869e+02 8.198545458510842820e+01 2.978234236798428114e+01
1.080000000000000000e+02 3.078988664879448578e+01 1.039703818011137493e+01 7.804207856492690887e+00 1.036967559069186644e-06 1.182410528052375059e-07 1.225653229607355712e+02 8.238443138761627438e+01 2.963526788139121848e+01
1.090000000000000000e+02 3.103980205580571905e+01 1.045761879814428497e+01 7.711236610346192677e+00 1.025813757467008884e-06 1.164384101382791396e-07 1.221240821413085200e+02 8.277864237318155460e+01 2.948854781572681816e+01
1.100000000000000000e+02 3.129058640728693064e+01 1.051841245288352944e+01 7.619335313532712206e+00 1.014704720806116990e-06 1.146601985590861343e-07 1.216821807358488883e+02 8.316814241647966810e+01 2.934218746505880659e+01
1.110000000000000000e+02 3.154222417277794577e+01 1.057941174191055822e+01 7.528490652848135234e+00 1.003641354337457391e-06 1.129059889801563128e-07 1.212396365165189422e+02 8.355298570902490951e+01 2.919619195793324451e+01
1.120000000000000000e+02 3.179469974978518820e+01 1.064060939941431627e+01 7.438689497164626019e+00 9.926245667724629163e-07 1.111753704179557884e-07 1.207964674212112328e+02 8.393322576851537065e+01 2.905056626407399278e+01
1.130000000000000000e+02 3.204799746200221477e+01 1.070199829023970040e+01 7.349918896450308381e+00 9.816552684301349813e-07 1.094679488090260441e-07 1.203526915532594757e+02 8.430891544799719384e+01 2.890531520058340931e+01
1.140000000000000000e+02 3.230210155792434534e+01 1.076357140409900026e+01 7.262166080626343501e+00 9.707343696500259256e-07 1.077833459833915277e-07 1.199083271806555757e+02 8.468010694529630200e+01 2.876044343800877101e+01
1.150000000000000000e+02 3.255699621000798061e+01 1.082532185053788965e+01 7.175418458374865693e+00 9.598627793096279071e-07 1.061211987085253303e-07 1.194633927348399283e+02 8.504685181176189701e+01 2.861595550565555612e+01
1.160000000000000000e+02 3.281266551410570997e+01 1.088724285374380862e+01 7.089663615747168635e+00 9.490414034409296584e-07 1.044811577946701064e-07 1.190179068090155852e+02 8.540920096172571618e+01 2.847185579709876180e+01
1.170000000000000000e+02 3.306909348937359994e+01 1.094932774802466824e+01 7.004889314738001360e+00 9.382711439004144597e-07 1.028628872302179564e-07 1.185718881561008118e+02 8.576720468132081976e+01 2.832814857502431494e+01
1.180000000000000000e+02 3.332626407843616079e+01 1.101156997329022325e+01 6.921083491725957160e+00 9.275528971664694410e-07 1.012660634094153919e-07 1.181253556863092342e+02 8.612091263766032512e+01 2.818483797609476582e+01
1.190000000000000000e+02 3.358416114815604914e+01 1.107396307150949255e+01 6.838234255910733417e+00 9.168875531862986673e-07 9.969037438605569517e-08 1.176783284643245082e+02 8.647037388695514437e+01 2.804192801483208797e+01
1.200000000000000000e+02 3.384276849027803280e+01 1.113650068233275725e+01 6.756329887553849112e+00 9.062759942848468700e-07 9.813551916690396604e-08 1.172308257062548194e+02 8.681563688407500479e+01 2.789942258838399525e+01
1.210000000000000000e+02 3.410206982264587339e+01 1.119917653966414584e+01 6.675358836227973214e+00 8.957190941524381625e-07 9.660120705859104481e-08 1.167828667762154993e+02 8.715674949104378300e+01 2.775732548033109737e+01
1.220000000000000000e+02 3.436204879068488083e+01 1.126198446853711310e+01 6.595309719030756135e+00 8.852177168926477971e-07 9.508715705494764616e-08 1.163344711826733686e+02 8.749375898529542894e+01 2.761564036419782298e+01
1.230000000000000000e+02 3.462268896904201654e+01 1.132491838180424182e+01 6.516171318665170631e+00 8.747727161228914538e-07 9.359309725488299119e-08 1.158856585744743057e+02 8.782671206848873169e+01 2.747437080718028568e+01
1.240000000000000000e+02 3.488397386350006002e+01 1.138797227728783845e+01 6.437932581532789911e+00 8.643849341330929299e-07 9.211876432127568938e-08 1.154364487366961072e+02 8.815565487477810791e+01 2.733352027340940538e+01
1.250000000000000000e+02 3.514588691311463720e+01 1.145114023506462786e+01 6.360582615763648917e+00 8.540552010887633566e-07 9.066390296649755988e-08 1.149868615862445012e+02 8.848063297910276503e+01 2.719309212709475077e+01
1.260000000000000000e+02 3.540841149250321251e+01 1.151441641493048884e+01 6.284110689235497205e+00 8.437843343111400841e-07 8.922826549062631677e-08 1.145369171673162896e+02 8.880169140530097138e+01 2.705308963549229162e+01
1.270000000000000000e+02 3.567153091443577750e+01 1.157779505396923980e+01 6.208506227480443229e+00 8.335731374677774555e-07 8.781161125500699547e-08 1.140866356464769922e+02 8.911887463440815793e+01 2.691351597179365740e+01
1.280000000000000000e+02 3.593522843242267584e+01 1.164127046442293967e+01 6.133758811701429003e+00 8.234224001339207478e-07 8.641370640426704209e-08 1.136360373078885004e+02 8.943222661232074699e+01 2.677437421769245418e+01
1.290000000000000000e+02 3.619948724371835880e+01 1.170483703150039645e+01 6.059858176568265975e+00 8.133328969610898655e-07 8.503432332124599287e-08 1.131851425479062243e+02 8.974179075811430550e+01 2.663566736606262353e+01
1.300000000000000000e+02 3.646429049221030994e+01 1.176848921154233452e+01 5.986794208196978495e+00 8.033053872057334569e-07 8.367324032605573242e-08 1.127339718700150684e+02 9.004760997147016610e+01 2.649739832324261357e+01
1.310000000000000000e+02 3.672962127158452716e+01 1.183222153020991385e+01 5.914556942009278728e+00 7.933406141673925959e-07 8.233024130871997509e-08 1.122825458793773663e+02 9.034972664039051438e+01 2.635956991132528771e+01
1.320000000000000000e+02 3.699546262857549550e+01 1.189602858081567405e+01 5.843136560606219554e+00 7.834393046831668492e-07 8.100511539852890575e-08 1.118308852773284059e+02 9.064818264871200881e+01 2.622218487030518119e+01
1.330000000000000000e+02 3.726179756646699559e+01 1.195990502269391342e+01 5.772523391542834226e+00 7.736021686606726972e-07 7.969765665164416434e-08 1.113790108555287617e+02 9.094301938383269146e+01 2.608524586021160729e+01
1.340000000000000000e+02 3.752860904849443813e+01 1.202384557982150071e+01 5.702707905246396258e+00 7.638298986344713313e-07 7.840766375902904786e-08 1.109269434903809497e+02 9.123427774377043420e+01 2.594875546296313829e+01
1.350000000000000000e+02 3.779588000133404080e+01 1.208784503952425737e+01 5.633680712916445010e+00 7.541231693528326197e-07 7.713493977594990187e-08 1.104747041373639291e+02 9.152199814417184598e+01 2.581271618414209712e+01
1.360000000000000000e+02 3.806359331907656696e+01 1.215189825106139487e+01 5.565432564187998032e+00 7.444826374113777935e-07 7.587929185443071877e-08 1.100223138246061581e+02 9.180622052607351691e+01 2.567713045495084856e+01
1.370000000000000000e+02 3.833173186682710565e+01 1.221600012456182682e+01 5.497954345078964522e+00 7.349089408944955655e-07 7.464053100941599464e-08 1.095697936471728013e+02 9.208698436251408737e+01 2.554200063375342111e+01
1.380000000000000000e+02 3.860027848453420773e+01 1.228014562996642844e+01 5.431237075846350848e+00 7.254026990520383366e-07 7.341847188767402875e-08 1.091171647610247106e+02 9.236432866537290920e+01 2.540732900763620705e+01
1.390000000000000000e+02 3.886921599097409796e+01 1.234432979598259905e+01 5.365271908787827115e+00 7.159645120094741916e-07 7.221293255547382172e-08 1.086644483767592959e+02 9.263829199233265399e+01 2.527311779397278002e+01
1.400000000000000000e+02 3.913852718751979864e+01 1.240854770921929173e+01 5.300050126209600698e+00 7.065949604695409310e-07 7.102373429249854478e-08 1.082116657537508218e+02 9.290891245319468794e+01 2.513936914177276805e+01
1.410000000000000000e+02 3.940819486241896641e+01 1.247279451326585509e+01 5.235563138151089646e+00 6.972946055144272438e-07 6.985070141516505492e-08 1.077588381935296553e+02 9.317622771689050865e+01 2.500608513314843151e+01
1.420000000000000000e+02 3.967820179484262866e+01 1.253706540791459645e+01 5.171802480274694247e+00 6.880639883429570187e-07 6.869366108817985612e-08 1.073059870335630137e+02 9.344027501788949053e+01 2.487326778460275989e+01
1.430000000000000000e+02 3.994853075887225202e+01 1.260135564845417200e+01 5.108759811816304897e+00 6.789036300856562169e-07 6.755244316511648727e-08 1.068531336411596300e+02 9.370109116236132252e+01 2.474091904823545107e+01
1.440000000000000000e+02 4.021916452753518456e+01 1.266566054501380556e+01 5.046426913539960424e+00 6.698140316210643546e-07 6.642688003282037402e-08 1.064002994073300954e+02 9.395871253426410874e+01 2.460904081290071233e+01
1.450000000000000000e+02 4.049008587721666430e+01 1.272997546190043572e+01 4.984795685528359499e+00 6.607956734273617533e-07 6.531680646530832439e-08 1.059475057401013913e+02 9.421317510186280231e+01 2.447763490541599296e+01
1.460000000000000000e+02 4.076127759184851840e+01 1.279429581702595442e+01 4.923858145114964557e+00 6.518490155012457001e-07 6.422205948394354590e-08 1.054947740581983027e+02 9.446451442376867647e+01 2.434670309165009527e+01
1.470000000000000000e+02 4.103272246682416835e+01 1.285861708144060422e+01 4.863606424985751353e+00 6.429744969087066306e-07 6.314247825692249418e-08 1.050421257851720753e+02 9.471276565440705042e+01 2.421624707746783400e+01
1.480000000000000000e+02 4.130440331344783544e+01 1.292293477880155805e+01 4.804032771023972082e+00 6.341725365296998965e-07 6.207790391299554597e-08 1.045895823427278657e+02 9.495796355022628177e+01 2.408626850980484946e+01
1.490000000000000000e+02 4.157630296303546658e+01 1.298724448494684758e+01 4.745129540357119424e+00 6.254435318460946645e-07 6.102817952208801025e-08 1.041371651446065272e+02 9.520014247525142537e+01 2.395676897759161861e+01
1.500000000000000000e+02 4.184840427130448859e+01 1.305154182747923031e+01 4.686889199288355456e+00 6.167878597591233898e-07 5.999314992138032232e-08 1.036848955900562856e+02 9.543933640691975029e+01 2.382775001270080750e+01
1.510000000000000000e+02 4.212069012233752829e+01 1.311582248541812135e+01 4.629304321445458115e+00 6.082058761865286064e-07 5.897266164780642644e-08 1.032327950579521172e+02 9.567557894126888129e+01 2.369921309077399840e+01
1.520000000000000000e+02 4.239314343297110099e+01 1.318008218884046201e+01 4.572367585746399676e+00 5.996979161117740581e-07 5.796656284266561712e-08 1.027808849002985028e+02 9.590890329860712882e+01 2.357115963210984333e+01
1.530000000000000000e+02 4.266574715692612330e+01 1.324431671857706228e+01 4.516071774504990977e+00 5.912642935748926140e-07 5.697470316820534479e-08 1.023291864361322325e+02 9.613934232875095631e+01 2.344359100246452954e+01
1.540000000000000000e+02 4.293848428892175662e+01 1.330852190593345163e+01 4.460409771558270009e+00 5.829053016759850436e-07 5.599693373056275741e-08 1.018777209454622437e+02 9.636692851617249289e+01 2.331650851382509870e+01
1.550000000000000000e+02 4.321133786894729667e+01 1.337269363242187836e+01 4.405374560335555856e+00 5.746212126557014879e-07 5.503310700291442023e-08 1.014265096629882805e+02 9.659169398527929218e+01 2.318991342519028365e+01
1.560000000000000000e+02 4.348429098628431433e+01 1.343682782953184329e+01 4.350959222054886055e+00 5.664122778416561431e-07 5.408307676742992215e-08 1.009755737721993540e+02 9.681367050531524399e+01 2.306380694328238690e+01
1.570000000000000000e+02 4.375732678362084727e+01 1.350092047851256538e+01 4.297156933888955699e+00 5.582787278048359180e-07 5.314669804422592851e-08 1.005249343993463071e+02 9.703288949532156948e+01 2.293819022325828172e+01
1.580000000000000000e+02 4.403042846108574793e+01 1.356496761017576702e+01 4.243960967176890087e+00 5.502207723865824564e-07 5.222382703841349284e-08 1.000746126075406437e+02 9.724938202895128825e+01 2.281306436939057036e+01
1.590000000000000000e+02 4.430357928045287252e+01 1.362896530470834833e+01 4.191364685573353732e+00 5.422386008019104639e-07 5.131432108620317024e-08 9.962462939061518341e+01 9.746317883942681704e+01 2.268843043575942531e+01
1.600000000000000000e+02 4.457676256886703214e+01 1.369290969151755988e+01 4.139361543414740829e+00 5.343323817371098310e-07 5.041803860609892603e-08 9.917500566768957526e+01 9.767431032389949053e+01 2.256428942685504069e+01
1.610000000000000000e+02 4.484996172293948291e+01 1.375679694907269379e+01 4.087945083931782797e+00 5.265022634700833934e-07 4.953483905403388424e-08 9.872576227720409747e+01 9.788280654820161431e+01 2.244064229822832601e+01
1.620000000000000000e+02 4.512316021265342414e+01 1.382062330476509082e+01 4.037108937552171817e+00 5.187483740012874247e-07 4.866458288216103654e-08 9.827691997123700673e+01 9.808869725134213979e+01 2.231748995710119843e+01
1.630000000000000000e+02 4.539634158510105522e+01 1.388438503478343122e+01 3.986846820282316184e+00 5.110708211939346487e-07 4.780713150122067351e-08 9.782849941007280847e+01 9.829201184977777928e+01 2.219483326294224312e+01
1.640000000000000000e+02 4.566948946841248613e+01 1.394807846398880358e+01 3.937152532010244954e+00 5.034696929324221159e-07 4.696234724612541613e-08 9.738052115649618656e+01 9.849277944188223444e+01 2.207267302806642206e+01
1.650000000000000000e+02 4.594258757552657357e+01 1.401169996580183330e+01 3.888019954881379192e+00 4.959450572900059294e-07 4.613009334468147280e-08 9.693300567032051163e+01 9.869102881221063228e+01 2.195101001820498965e+01
1.660000000000000000e+02 4.621561970763647054e+01 1.407524596210764933e+01 3.839443051818605124e+00 4.884969627022819561e-07 4.531023388930276154e-08 9.648597330339411826e+01 9.888678843537162777e+01 2.182984495301933947e+01
1.670000000000000000e+02 4.648856975803593627e+01 1.413871292314814454e+01 3.791415864869509988e+00 4.811254381617117080e-07 4.450263381135245562e-08 9.603944429402588412e+01 9.908008648035202270e+01 2.170917850667727222e+01
1.680000000000000000e+02 4.676142171569235728e+01 1.420209736742736162e+01 3.743932513672990403e+00 4.738304934178378491e-07 4.370715885813033581e-08 9.559343876181148403e+01 9.927095081451857084e+01 2.158901130838461313e+01
1.690000000000000000e+02 4.703415966860291064e+01 1.426539586162677864e+01 3.696987194022050893e+00 4.666121191855938965e-07 4.292367557231282584e-08 9.514797670277783936e+01 9.945940900735917012e+01 2.146934394288196657e+01
1.700000000000000000e+02 4.730676780742508214e+01 1.432860502051083351e+01 3.650574176304486773e+00 4.594702873689932339e-07 4.215205127361650261e-08 9.470307798413027456e+01 9.964548833454469445e+01 2.135017695098638768e+01
1.710000000000000000e+02 4.757923042865879637e+01 1.439172150684716733e+01 3.604687804137602480e+00 4.524049512876347744e-07 4.139215404266244935e-08 9.425876233965239237e+01 9.982921578147687569e+01 2.123151083006528239e+01
1.720000000000000000e+02 4.785153193812622874e+01 1.445474203131653468e+01 3.559322492870880872e+00 4.454160459194152220e-07 4.064385270678213413e-08 9.381504936467537448e+01 1.000106180471818647e+02 2.111334603455894765e+01
1.730000000000000000e+02 4.812365685400953197e+01 1.451766335243407902e+01 3.514472728277048930e+00 4.385034881440702086e-07 3.990701682776526355e-08 9.337195851168895899e+01 1.001897215477099934e+02 2.099568297643926584e+01
1.740000000000000000e+02 4.839558981020620365e+01 1.458048227645894457e+01 3.470133065101365322e+00 4.316671770032574011e-07 3.918151669129691797e-08 9.292950908549300948e+01 1.003665524199069807e+02 2.087852202572137728e+01
1.750000000000000000e+02 4.866731555929572295e+01 1.464319565731194928e+01 3.426298125774721814e+00 4.249069939618679126e-07 3.846722329809021499e-08 9.248772023891226013e+01 1.005411365247584001e+02 2.076186351092134785e+01
1.760000000000000000e+02 4.893881897565296413e+01 1.470580039648497639e+01 3.382962599057017794e+00 4.182228031819367468e-07 3.776400835648891928e-08 9.204661096829900657e+01 1.007134994509190875e+02 2.064570771954272388e+01
1.770000000000000000e+02 4.921008505821868795e+01 1.476829344295620494e+01 3.340121238823793082e+00 4.116144517967230719e-07 3.707174427659712710e-08 9.160620010953100234e+01 1.008836665178726122e+02 2.053005489851611287e+01
1.780000000000000000e+02 4.948109893354667577e+01 1.483067179309166050e+01 3.297768862724384409e+00 4.050817702003216906e-07 3.639030416560116281e-08 9.116650633360985978e+01 1.010516627794293640e+02 2.041490525469058426e+01
1.790000000000000000e+02 4.975184585847879504e+01 1.489293249055251245e+01 3.255900350995202253e+00 3.986245723380888270e-07 3.571956182441212565e-08 9.072754814279602442e+01 1.012175130268260261e+02 2.030025895527417745e+01
1.800000000000000000e+02 5.002231122285425613e+01 1.495507262619517341e+01 3.214510645249298637e+00 3.922426560015998037e-07 3.505939174544644495e-08 9.028934386669389767e+01 1.013812417918924353e+02 2.018611612828876289e+01
1.810000000000000000e+02 5.029248055223960279e+01 1.501708933799560342e+01 3.173594747321235143e+00 3.859358031361523894e-07 3.440966911154852047e-08 8.985191165831811588e+01 1.015428733500195477e+02 2.007247686300065936e+01
1.820000000000000000e+02 5.056233951012310968e+01 1.507897981082206940e+01 3.133147717961819900e+00 3.797037801421959133e-07 3.377026979522748612e-08 8.941526949087092646e+01 1.017024317238382736e+02 1.995934121046512999e+01
1.830000000000000000e+02 5.083187390090878210e+01 1.514074127650871127e+01 3.093164675948365083e+00 3.735463381972845188e-07 3.314107036023689331e-08 8.897943515348983112e+01 1.018599406851776052e+02 1.984670918381690541e+01
1.840000000000000000e+02 5.110106967184938043e+01 1.520237101359116672e+01 3.053640796801624813e+00 3.674632135664886915e-07 3.252194806237387333e-08 8.854442624838866038e+01 1.020154237587606758e+02 1.973458075882929919e+01
1.850000000000000000e+02 5.136991291556905281e+01 1.526386634725112579e+01 3.014571311783193597e+00 3.614541279277993778e-07 3.191278085206980085e-08 8.811026018723440245e+01 1.021689042247219135e+02 1.962295587430150334e+01
1.860000000000000000e+02 5.163838987216330167e+01 1.532522464915020777e+01 2.975951506796547630e+00 3.555187886958299898e-07 3.131344737716710613e-08 8.767695418808918362e+01 1.023204051216086157e+02 1.951183443252561389e+01
1.870000000000000000e+02 5.190648693138427205e+01 1.538644333731755509e+01 2.937776721390103152e+00 3.496568893516321357e-07 3.072382698659474289e-08 8.724452527225160736e+01 1.024699492490015018e+02 1.940121629970214556e+01
1.880000000000000000e+02 5.217419063465358420e+01 1.544751987599340382e+01 2.900042347728828407e+00 3.438681097741658171e-07 3.014379973443235829e-08 8.681299026133009988e+01 1.026175591703052561e+02 1.929110130638768084e+01
1.890000000000000000e+02 5.244148767703127589e+01 1.550845177548646703e+01 2.862743829622134584e+00 3.381521165749931689e-07 2.957324638457226628e-08 8.638236577438532038e+01 1.027632572153623016e+02 1.918148924792208021e+01
1.900000000000000000e+02 5.270836490909619698e+01 1.556923659201483190e+01 2.825876661554381997e+00 3.325085634343569926e-07 2.901204841576672838e-08 8.595266822519489835e+01 1.029070654830895961e+02 1.907237988486565783e+01
1.910000000000000000e+02 5.297480933872151354e+01 1.562987192754537524e+01 2.789436387757437963e+00 3.269370914462896663e-07 2.846008802723757824e-08 8.552391381966873496e+01 1.030490058440094572e+02 1.896377294342622477e+01
1.920000000000000000e+02 5.324080813278787616e+01 1.569035542962261864e+01 2.753418601290532397e+00 3.214373294469767425e-07 2.791724814427483479e-08 8.509611855335113262e+01 1.031890999427782276e+02 1.885566811589237801e+01
1.930000000000000000e+02 5.350634861881960092e+01 1.575068479119296327e+01 2.717818943144062249e+00 3.160088943697467628e-07 2.738341242460563895e-08 8.466929820903240511e+01 1.033273692006607121e+02 1.874806506106370563e+01
1.940000000000000000e+02 5.377141828649110522e+01 1.581085775041974628e+01 2.682633101380433427e+00 3.106513915815798186e-07 2.685846526468008842e-08 8.424346835454453242e+01 1.034638348179252603e+02 1.864096340467746060e+01
1.950000000000000000e+02 5.403600478909169169e+01 1.587087209049258085e+01 2.647856810282094298e+00 3.053644152290803820e-07 2.634229180632087644e-08 8.381864434061513691e+01 1.035985177762293716e+02 1.853436273983761495e+01
1.960000000000000000e+02 5.430009594492512548e+01 1.593072563942993014e+01 2.613485849513818682e+00 3.001475485832092862e-07 2.583477794352605828e-08 8.339484129881321905e+01 1.037314388409798767e+02 1.842826262744494770e+01
1.970000000000000000e+02 5.456367973862676024e+01 1.599041626987719411e+01 2.579516043318251572e+00 2.950003643843918942e-07 2.533581032942873710e-08 8.297207413961159261e+01 1.038626185636134949e+02 1.832266259662234020e+01
1.980000000000000000e+02 5.482674432216816029e+01 1.604994189887924705e+01 2.545943259765561351e+00 2.899224251165395047e-07 2.484527638219892488e-08 8.255035755089402016e+01 1.039920772837909340e+02 1.821756214513850480e+01
1.990000000000000000e+02 5.508927801628203724e+01 1.610930048768027945e+01 2.512763409929234193e+00 2.849132836982226248e-07 2.436306429779121948e-08 8.212970599586090259e+01 1.041198351317172524e+02 1.811296073984160060e+01
2.000000000000000000e+02 5.535126931125618910e+01 1.616849004148202340e+01 2.479972447193359741e+00 2.799724833891450867e-07 2.388906305005606046e-08 8.171013371183512675e+01 1.042459120302146687e+02 1.800885781707619415e+01
2.010000000000000000e+02 5.561270686808639852e+01 1.622750860921888716e+01 2.447566366483869160e+00 2.750995575605562958e-07 2.342316238870604602e-08 8.129165470855301123e+01 1.043703276969459921e+02 1.790525278311742596e+01
2.020000000000000000e+02 5.587357951922079025e+01 1.628635428331136836e+01 2.415541203596567321e+00 2.702940320966960456e-07 2.296525287974196006e-08 8.087428276703872143e+01 1.044931016464402376e+02 1.780214501458685561e+01
2.030000000000000000e+02 5.613387626942616038e+01 1.634502519941558418e+01 2.383893034486234797e+00 2.655554238737457430e-07 2.251522588257854165e-08 8.045803143830107729e+01 1.046142531922156564e+02 1.769953385888652164e+01
2.040000000000000000e+02 5.639358629649164811e+01 1.640351953617392056e+01 2.352617974615114349e+00 2.608832411752769462e-07 2.207297355834674127e-08 8.004291404226408702e+01 1.047338014487563385e+02 1.759741863461196232e+01
2.050000000000000000e+02 5.665269895189798888e+01 1.646183551494529951e+01 2.321712178282226979e+00 2.562769849589292627e-07 2.163838889193830916e-08 7.962894366674180446e+01 1.048517653335668030e+02 1.749579863198777829e+01
2.060000000000000000e+02 5.691120376137268266e+01 1.651997139954035632e+01 2.291171838002931782e+00 2.517361486125724334e-07 2.121136568957271299e-08 7.921613316657794712e+01 1.049681635690962338e+02 1.739467311328262511e+01
2.070000000000000000e+02 5.716909042538696895e+01 1.657792549594778819e+01 2.260993183895922520e+00 2.472602183776853756e-07 2.079179858705592092e-08 7.880449516286640232e+01 1.050830146846580533e+02 1.729404131322859683e+01
2.080000000000000000e+02 5.742634881959434523e+01 1.663569615204001551e+01 2.231172483059132183e+00 2.428486737069640698e-07 2.037958305684881207e-08 7.839404204225043316e+01 1.051963370184089115e+02 1.719390243946049779e+01
2.090000000000000000e+02 5.768296899514908205e+01 1.669328175730248631e+01 2.201706039026730011e+00 2.385009875749125537e-07 1.997461541434291314e-08 7.798478595639969058e+01 1.053081487190931540e+02 1.709425567290927717e+01
2.100000000000000000e+02 5.793894117901545116e+01 1.675068074251510453e+01 2.172590191153657369e+00 2.342166268185677487e-07 1.957679282436651143e-08 7.757673882148857558e+01 1.054184677480389780e+02 1.699510016825697178e+01
2.110000000000000000e+02 5.819425577414570228e+01 1.680789157946960088e+01 2.143821314104544573e+00 2.299950524317666994e-07 1.918601330696124083e-08 7.716991231787130801e+01 1.055273118808442234e+02 1.689643505432839632e+01
2.120000000000000000e+02 5.844890335961657257e+01 1.686491278066769439e+01 2.115395817326492622e+00 2.258357199096537997e-07 1.880217574372868799e-08 7.676431788981182081e+01 1.056346987091324792e+02 1.679825943450280690e+01
2.130000000000000000e+02 5.870287469071094222e+01 1.692174289897409878e+01 2.087310144470149620e+00 2.217380795507712812e-07 1.842517988328296171e-08 7.635996674528090011e+01 1.057406456425057968e+02 1.670057238717781800e+01
2.140000000000000000e+02 5.895616069889864974e+01 1.697838052732683423e+01 2.059560772937214956e+00 2.177015767687901548e-07 1.805492634683644516e-08 7.595686985591171947e+01 1.058451699101008927e+02 1.660337296614581604e+01
2.150000000000000000e+02 5.920875249177031918e+01 1.703482429839861823e+01 2.032144213366439356e+00 2.137256524012951192e-07 1.769131663345393458e-08 7.555503795701076797e+01 1.059482885623724684e+02 1.650666020102859122e+01
2.160000000000000000e+02 5.946064135290590968e+01 1.709107288427641080e+01 2.005057009171199667e+00 2.098097430121409119e-07 1.733425312508566608e-08 7.515448154766652067e+01 1.060500184727233375e+02 1.641043309768005187e+01
2.170000000000000000e+02 5.971181874166476433e+01 1.714712499610959284e+01 1.978295736054316079e+00 2.059532812132212264e-07 1.698363909147644064e-08 7.475521089096272931e+01 1.061503763392405233e+02 1.631469063862024171e+01
2.180000000000000000e+02 5.996227629293092320e+01 1.720297938378253733e+01 1.951857001576770445e+00 2.021556958075164838e-07 1.663937869357349577e-08 7.435723601426188623e+01 1.062493786862626024e+02 1.621943178343182979e+01
2.190000000000000000e+02 6.021200581679175912e+01 1.725863483556970124e+01 1.925737444721081104e+00 1.984164125006176811e-07 1.630137699094242449e-08 7.396056670957953827e+01 1.063470418659890129e+02 1.612465546917123405e+01
2.200000000000000000e+02 6.046099929815027707e+01 1.731409017777864534e+01 1.899933735457990602e+00 1.947348535708486954e-07 1.596953994107850454e-08 7.356521253405084337e+01 1.064433820601014276e+02 1.603036061078717722e+01
2.210000000000000000e+02 6.070924889628928867e+01 1.736934427440488804e+01 1.874442574347547907e+00 1.911104386543371036e-07 1.564377440695515814e-08 7.317118281046862194e+01 1.065384152812844576e+02 1.593654610151792284e+01
2.220000000000000000e+02 6.095674694431254892e+01 1.742439602672007837e+01 1.849260692076341028e+00 1.875425848024597181e-07 1.532398815868841478e-08 7.277848662798115242e+01 1.066321573750085179e+02 1.584321081336013926e+01
2.230000000000000000e+02 6.120348594868250558e+01 1.747924437299306888e+01 1.824384849171058365e+00 1.840307067965482294e-07 1.501008987715808959e-08 7.238713284268450820e+01 1.067246240206745114e+02 1.575035359737617391e+01
2.240000000000000000e+02 6.144945858853975551e+01 1.753388828806104627e+01 1.799811835547637795e+00 1.805742174121996163e-07 1.470198915673813940e-08 7.199713007849018709e+01 1.068158307333983288e+02 1.565797328417015422e+01
2.250000000000000000e+02 6.169465771507199747e+01 1.758832678298865559e+01 1.775538470182255635e+00 1.771725276831445384e-07 1.439959650793794973e-08 7.160848672794359970e+01 1.069057928653606524e+02 1.556606868425518897e+01
2.260000000000000000e+02 6.193907635077034968e+01 1.764255890466790788e+01 1.751561600725505929e+00 1.738250471584740095e-07 1.410282335964356744e-08 7.122121095318925654e+01 1.069945256073909405e+02 1.547463858848389862e+01
2.270000000000000000e+02 6.218270768867920140e+01 1.769658373546069896e+01 1.727878103184665060e+00 1.705311841552085033e-07 1.381158206115627572e-08 7.083531068695538124e+01 1.070820439903200167e+02 1.538368176842240942e+01
2.280000000000000000e+02 6.242554509156171605e+01 1.775040039279700821e+01 1.704484881563191889e+00 1.672903460055396705e-07 1.352578588386526253e-08 7.045079363364857272e+01 1.071683628865089162e+02 1.529319697677179768e+01
2.290000000000000000e+02 6.266758209106639299e+01 1.780400802881182543e+01 1.681378867559557566e+00 1.641019393203980603e-07 1.324534902288703130e-08 7.006766727045631171e+01 1.072534970111735646e+02 1.520318294773898593e+01
2.300000000000000000e+02 6.290881238675788012e+01 1.785740582992973557e+01 1.658557020226871570e+00 1.609653701203577218e-07 1.297018659725198318e-08 6.968593884863079779e+01 1.073374609238913848e+02 1.511363839745912507e+01
2.310000000000000000e+02 6.314922984524352501e+01 1.791059301650878055e+01 1.636016325693614659e+00 1.578800442793698450e-07 1.270021465260207794e-08 6.930561539465041676e+01 1.074202690298645138e+02 1.502456202435235078e+01
2.320000000000000000e+02 6.338882849909126094e+01 1.796356884241385998e+01 1.613753796839480170e+00 1.548453675394642883e-07 1.243535015989999879e-08 6.892670371166225607e+01 1.075019355814098674e+02 1.493595250954667719e+01
2.330000000000000000e+02 6.362760254582075703e+01 1.801633259463511294e+01 1.591766473017053540e+00 1.518607458369846621e-07 1.217551101661652386e-08 6.854921038083098495e+01 1.075824746792658573e+02 1.484780851725112072e+01
2.340000000000000000e+02 6.386554634683238163e+01 1.806888359289444779e+01 1.570051419773623280e+00 1.489255854988945672e-07 1.192061604656228092e-08 6.817314176277368176e+01 1.076619002739204376e+02 1.476012869513655268e+01
2.350000000000000000e+02 6.410265442626563015e+01 1.812122118923869607e+01 1.548605728572781892e+00 1.460392934518835068e-07 1.167058499957831902e-08 6.779850399909226155e+01 1.077402261669638790e+02 1.467291167472518154e+01
2.360000000000000000e+02 6.433892147002556783e+01 1.817334476767999618e+01 1.527426516561700476e+00 1.432012774286925185e-07 1.142533855102926013e-08 6.742530301368287837e+01 1.078174660122228232e+02 1.458615607174503737e+01
2.370000000000000000e+02 6.457434232391680951e+01 1.822525374365289963e+01 1.506510926201775735e+00 1.404109461649291354e-07 1.118479830078846604e-08 6.705354451524843284e+01 1.078936333176896483e+02 1.449986048658423599e+01
2.380000000000000000e+02 6.480891199338779529e+01 1.827694756380810048e+01 1.485856125177162701e+00 1.376677095978521220e-07 1.094888677238604725e-08 6.668323399764727810e+01 1.079687414459056356e+02 1.441402350456261772e+01
2.390000000000000000e+02 6.504262564154676340e+01 1.832842570546435823e+01 1.465459306035641118e+00 1.349709790517709991e-07 1.071752741143703787e-08 6.631437674256993375e+01 1.080428036158967018e+02 1.432864369637505675e+01
2.400000000000000000e+02 6.527547858821111504e+01 1.837968767626957245e+01 1.445317686006772906e+00 1.323201674250002172e-07 1.049064458417671347e-08 6.594697782082786830e+01 1.081158329041199266e+02 1.424371961842832413e+01
